0 0
1 1
2 2
3 0
4 3
5 4
5 3
5 5
6 0
7 3
8 6
9 7
9 8
10 6
11 9
12 10
12 6
12 4
12 11
12 12
13 14
14 15
15 12
16 16
16 17
16 0
16 9
17 18
17 12
17 4
17 14
17 16
17 8
17 6
18 8
19 19
20 20
21 20
22 15
24 14
25 22
26 11
27 11
28 23
29 24
30 25
31 4
32 20
34 27
35 8
36 11
37 21
38 19
39 28
40 6
41 1
43 19
44 20
45 29
46 1
47 23
48 3
49 3
50 0
51 20
52 21
54 11
55 30
56 0
58 6
58 31
59 32
60 6
61 32
62 6
63 4
64 8
65 8
66 6
67 28
67 6
68 33
69 34
70 35
70 36
71 6
72 34
73 25
73 8
74 6
74 37
74 3
74 12
74 38
74 36
74 19
74 39
74 4
74 13
75 40
76 4
76 6
76 3
76 16
77 0
78 16
79 2
80 12
81 7
83 24
84 0
85 5
86 28
87 0
88 20
89 3
90 41
92 6
92 3
92 42
92 11
92 4
92 43
92 1
92 22
92 5
92 13
92 7
92 16
92 44
92 45
92 46
92 47
92 37
92 48
92 49
92 0
92 50
92 12
92 28
92 51
92 20
92 32
92 23
94 11
94 4
94 21
94 3
94 16
94 19
94 0
94 13
94 12
94 6
95 32
96 52
97 6
98 20
99 4
99 6
100 6
101 0
101 11
101 32
101 28
102 0
103 0
104 4
105 7
106 8
107 16
109 6
110 6
111 53
112 6
113 7
114 0
114 14
115 3
116 2
117 6
119 24
120 3
121 4
122 3
123 6
124 24
125 11
125 7
125 6
125 4
126 41
127 0
128 5
130 7
131 0
132 6
133 3
135 5
137 6
138 54
139 5
140 24
141 7
142 6
144 55
145 3
147 6
148 11
149 12
151 4
152 24
153 0
154 3
155 24
156 19
157 11
158 3
159 41
160 31
161 41
162 41
163 7
165 11
166 6
167 56
168 18
169 0
169 37
170 29
171 7
172 0
173 5
174 16
176 29
177 1
178 3
180 3
181 8
182 3
183 11
183 0
183 7
183 13
183 3
183 4
183 5
184 3
184 25
184 1
185 8
185 5
185 23
185 24
185 0
185 12
185 47
185 3
185 6
185 19
185 4
185 13
185 14
185 16
185 58
185 40
185 59
185 61
185 28
185 44
185 62
185 45
185 55
185 20
185 49
185 46
185 32
185 25
185 65
185 7
185 1
185 11
186 19
186 66
187 12
187 11
187 6
187 67
187 0
188 16
189 3
190 6
191 50
192 6
193 6
194 0
195 4
196 4
197 4
198 6
200 5
200 19
202 6
202 3
202 1
202 4
203 20
204 6
205 7
206 6
208 45
209 10
209 11
209 48
209 8
210 1
210 5
210 13
210 0
211 11
212 5
212 3
213 17
214 17
215 17
216 17
217 17
218 17
219 17
220 17
221 17
223 17
224 17
225 17
226 17
227 17
228 1
229 5
230 0
231 18
232 44
233 14
234 68
235 20
236 69
237 20
238 70
239 11
239 71
239 1
239 0
239 50
239 48
239 28
239 55
239 4
240 72
241 3
242 0
243 13
243 11
243 12
243 73
243 5
243 45
243 44
243 6
243 8
243 0
246 1
247 0
248 0
250 4
250 44
250 6
252 4
253 12
254 0
255 74
256 75
257 6
258 46
258 16
258 11
258 4
258 36
258 47
258 26
258 8
258 18
258 32
258 5
258 28
258 71
258 65
258 3
258 6
258 0
258 14
259 7
260 4
261 5
262 68
263 6
264 24
265 6
266 17
267 6
268 0
269 6
270 3
271 45
272 0
273 2
274 4
275 16
276 36
276 4
277 2
278 24
279 17
280 6
280 32
281 4
282 3
284 3
285 3
286 3
287 6
287 3
287 5
288 3
290 2
291 12
292 0
293 55
294 5
295 2
296 2
297 55
298 11
299 5
300 11
300 0
300 21
300 32
300 1
300 76
300 77
300 13
300 44
300 28
300 3
301 0
302 1
302 6
302 34
302 8
302 4
302 13
302 25
302 78
302 5
302 11
302 3
303 3
304 3
305 13
305 4
305 11
305 6
305 1
307 19
307 79
307 4
307 5
307 25
307 47
308 11
309 5
311 4
312 11
313 6
314 14
315 12
315 80
315 1
315 3
315 4
315 25
315 58
315 22
315 0
315 13
315 54
315 6
316 6
316 4
317 82
318 3
319 27
319 6
321 32
321 83
322 4
322 45
322 3
324 25
324 11
325 14
326 16
327 4
327 28
327 55
328 53
329 25
330 4
331 41
332 4
333 0
334 0
335 52
336 84
337 0
338 45
339 12
341 44
342 6
343 5
344 37
345 6
345 22
345 1
345 85
345 86
347 6
348 4
348 11
349 12
349 22
349 4
350 0
350 6
350 36
352 2
353 44
354 8
354 1
355 47
355 87
356 1
356 20
356 11
356 53
357 6
357 18
357 0
358 8
359 0
359 54
359 8
359 5
359 21
359 88
359 13
359 6
359 28
359 1
359 89
359 4
360 1
360 65
360 6
360 8
360 13
360 7
360 12
360 11
360 25
360 0
360 90
360 24
361 2
362 36
362 4
362 6
362 11
363 16
363 32
363 11
363 0
363 4
363 56
363 1
363 20
363 6
363 10
363 14
363 7
363 65
363 71
363 55
363 5
363 8
363 46
363 13
364 4
364 44
365 15
366 19
366 11
367 2
367 13
367 44
368 21
368 8
369 4
369 37
369 0
369 3
369 14
369 7
369 28
369 42
369 1
369 58
369 22
369 91
369 32
369 11
369 17
369 21
369 20
369 50
370 13
371 20
372 3
373 52
374 6
374 5
375 8
376 8
377 25
378 8
379 6
379 5
380 6
380 4
380 12
380 14
380 5
381 18
381 12
381 25
381 11
381 22
381 7
381 20
381 6
381 46
381 4
381 24
381 0
381 21
381 1
381 3
381 44
381 8
381 45
381 58
381 65
381 92
381 49
381 48
381 72
381 32
381 47
381 5
381 23
381 60
381 16
381 55
381 13
382 4
383 13
383 5
383 12
383 0
383 4
383 24
383 45
383 28
383 1
383 18
383 48
383 36
383 93
383 17
383 8
383 22
383 25
383 54
383 32
383 11
383 44
384 4
385 4
386 73
387 4
388 4
390 20
391 67
391 24
391 13
391 16
392 5
392 73
392 1
392 8
393 22
393 6
393 94
393 95
393 4
393 1
393 11
393 0
394 14
394 13
395 4
396 3
397 24
398 18
399 19
398 96
400 5
400 12
400 1
400 0
400 34
400 32
400 96
401 5
401 6
401 20
401 34
401 22
402 6
403 3
404 24
405 11
406 32
407 20
408 18
409 6
409 20
409 4
410 37
411 0
412 97
413 4
414 14
415 36
416 6
417 0
418 13
418 98
418 0
418 28
418 12
418 72
418 4
419 3
421 6
423 3
425 16
426 6
427 6
429 4
430 4
431 4
432 4
433 4
435 100
435 60
435 0
435 25
435 11
435 4
435 5
435 1
435 36
435 65
435 37
435 34
435 39
435 72
435 14
435 27
435 12
435 8
435 16
435 3
435 24
435 70
435 20
435 49
435 17
435 55
435 6
435 13
436 4
437 4
438 36
439 28
440 46
441 5
442 8
443 33
444 20
445 4
446 3
447 0
448 4
450 3
451 25
452 18
454 8
454 32
455 0
455 23
456 45
457 16
458 6
459 6
460 12
461 7
462 58
463 6
464 0
465 0
466 12
467 14
468 4
469 17
469 28
470 2
471 0
472 4
472 44
473 0
474 6
475 44
476 4
476 1
476 0
476 13
476 21
476 32
476 11
476 48
476 3
476 14
476 7
476 12
476 37
476 16
476 18
476 6
476 44
476 20
476 17
476 45
476 25
476 101
476 28
476 47
476 19
476 55
477 17
478 12
478 46
479 28
480 8
481 102
481 5
481 0
482 18
482 6
482 45
482 0
483 1
484 5
484 21
484 6
484 11
484 0
484 4
486 11
486 42
486 0
486 25
486 52
486 8
486 4
486 46
486 1
486 6
486 17
486 20
486 28
487 6
490 5
491 4
491 49
492 6
493 16
495 4
496 6
497 19
497 7
497 36
497 3
497 55
497 8
497 4
497 22
497 17
497 1
497 11
497 5
497 13
497 52
497 0
497 27
497 12
497 6
498 11
498 6
498 5
498 16
498 21
498 27
498 103
498 42
498 104
500 14
500 1
501 0
504 11
505 32
505 1
505 105
505 3
505 42
505 2
505 6
505 7
505 5
505 34
505 46
505 23
505 16
505 4
505 12
505 11
505 13
505 55
505 99
505 0
505 20
507 16
508 6
508 32
508 10
509 4
510 6
511 12
511 6
511 4
511 0
512 6
512 25
512 7
513 0
514 0
515 1
515 4
515 3
515 11
515 28
515 73
515 65
515 0
516 0
517 2
518 44
520 25
520 0
520 32
520 8
520 12
520 4
520 16
520 11
521 0
521 8
521 32
521 62
521 11
521 4
521 16
521 55
521 6
521 21
522 11
523 3
524 12
525 0
525 6
526 13
527 41
528 20
529 6
530 32
530 28
530 13
530 6
530 106
530 0
530 11
531 0
531 6
531 55
531 13
531 25
532 107
533 4
533 0
534 20
535 5
535 22
535 8
536 4
536 94
538 10
539 12
540 21
541 36
542 17
543 3
544 21
545 3
546 4
547 3
548 3
549 19
552 20
553 36
555 17
556 17
557 21
558 21
559 3
560 21
561 19
562 19
564 108
565 108
566 11
567 0
568 19
569 108
570 19
571 7
572 1
573 13
574 12
575 55
576 14
577 24
578 11
580 1
581 6
582 0
583 108
584 14
585 14
586 108
587 34
588 45
590 14
591 14
592 24
593 7
594 4
595 1
596 6
596 20
597 20
598 24
599 32
602 108
606 34
608 11
609 4
610 14
612 5
613 50
615 7
616 18
617 1
618 18
620 19
621 55
622 50
623 12
624 108
625 44
626 108
627 108
628 36
629 1
631 24
632 12
633 24
633 7
634 14
635 12
636 45
639 14
640 20
641 4
644 4
645 62
646 1
648 52
649 52
650 32
651 17
652 52
653 52
654 52
655 7
656 0
657 4
658 12
659 0
660 18
662 14
663 1
664 45
665 108
666 11
667 55
668 11
669 46
670 24
671 24
673 7
675 3
676 14
677 46
679 19
680 19
681 44
682 52
683 1
684 1
685 52
686 4
687 4
688 28
689 32
690 14
691 14
692 20
694 68
695 5
696 19
697 4
698 32
699 6
700 1
701 4
702 5
703 1
704 52
706 50
707 5
708 1
709 5
711 7
712 12
713 5
715 14
716 1
717 1
718 4
719 5
720 50
721 50
722 12
724 20
726 12
728 11
729 3
730 0
730 11
730 58
731 6
732 13
732 16
732 28
732 48
732 5
732 3
733 32
734 25
734 32
735 5
736 11
737 3
738 37
739 3
740 32
741 32
744 0
745 5
746 7
746 4
746 105
746 5
746 12
747 4
747 3
747 32
748 0
748 17
749 28
750 0
751 80
751 79
751 12
751 21
751 44
751 4
751 6
751 32
751 22
751 14
751 3
751 110
751 19
751 111
751 65
751 104
751 25
751 35
751 11
752 6
752 18
752 37
752 1
752 65
752 25
753 50
753 32
753 11
754 18
755 10
756 13
757 7
758 4
759 20
760 0
760 11
761 45
761 13
761 3
761 1
761 12
761 44
761 0
761 8
761 6
761 17
761 20
761 4
762 6
763 37
764 0
765 0
766 11
766 3
766 31
766 112
767 20
767 28
767 5
767 11
767 4
768 71
768 11
768 4
768 0
768 44
768 113
768 20
768 25
768 3
768 6
769 25
769 32
769 36
769 28
769 5
769 12
769 0
769 18
769 19
769 21
770 10
770 0
770 1
770 4
770 92
770 3
770 5
770 19
770 25
770 6
770 32
770 47
770 12
770 7
770 22
770 17
770 11
771 11
772 11
772 22
772 4
773 3
774 3
775 0
775 5
775 8
776 35
777 4
779 22
780 6
781 0
781 12
782 6
782 13
782 28
782 12
782 48
782 0
783 5
784 28
785 25
785 11
785 3
785 5
786 26
786 114
786 32
786 22
787 13
788 1
788 6
788 13
788 0
788 32
788 11
788 4
788 5
788 46
788 14
788 115
788 8
788 7
789 7
789 65
789 11
789 46
789 3
789 2
789 13
790 20
791 11
791 5
792 28
793 32
793 5
793 1
793 6
793 0
793 25
794 25
795 25
796 20
797 58
798 6
799 7
800 116
801 1
801 11
801 23
801 22
801 87
802 11
802 6
802 4
802 20
802 87
802 13
802 55
802 24
804 2
805 0
806 3
806 6
807 6
808 3
808 34
808 6
808 13
808 4
808 11
809 6
810 8
811 6
811 5
811 117
811 11
811 0
811 52
811 8
811 4
812 3
812 1
812 8
812 5
812 32
812 12
812 55
812 65
812 28
812 4
812 14
812 6
812 13
812 11
812 22
812 18
812 23
812 21
812 25
812 71
812 10
812 41
812 118
812 92
812 44
812 2
812 119
812 7
812 103
812 106
812 20
813 13
813 1
813 0
813 11
814 0
814 6
814 29
814 11
815 5
815 0
815 3
815 65
815 8
815 24
816 4
817 5
817 0
818 13
818 25
818 6
818 11
818 5
819 11
820 0
821 13
821 80
821 120
822 6
823 49
824 49
825 6
826 5
826 4
826 6
827 6
828 19
829 12
830 5
830 6
830 1
830 8
830 25
830 16
830 11
830 0
830 4
830 3
831 4
832 11
833 11
834 37
834 4
834 1
834 3
834 12
834 0
834 55
835 36
836 4
837 25
838 8
838 40
839 16
840 0
841 11
842 0
842 6
843 20
844 0
846 3
847 0
848 1
848 0
849 6
851 6
852 15
853 44
854 16
855 31
856 44
857 11
858 20
859 124
859 125
859 53
859 44
859 21
859 19
859 16
859 11
859 73
859 45
859 17
859 8
859 20
859 14
859 24
859 93
859 127
859 1
859 128
859 129
859 26
859 113
859 131
859 132
859 108
859 133
859 99
859 70
859 10
859 134
859 54
859 135
859 136
859 71
859 2
859 23
859 48
859 37
859 137
859 138
859 60
859 36
859 5
859 100
859 49
860 24
861 35
862 20
862 11
862 4
863 0
863 120
863 28
863 7
863 12
864 63
865 34
865 6
865 1
865 0
865 45
865 4
865 121
865 80
865 3
865 5
865 65
865 139
865 11
865 12
865 140
866 4
866 11
866 13
866 0
867 0
868 0
869 11
869 2
869 13
869 12
869 19
869 22
870 0
871 0
872 42
872 6
872 0
872 13
872 25
873 13
874 6
874 4
874 7
875 8
875 22
876 2
877 11
877 25
877 36
877 4
877 22
877 24
877 20
877 127
877 1
877 5
877 142
877 123
878 0
879 49
880 48
880 34
880 11
880 45
880 18
881 55
882 132
883 49
884 0
885 4
885 11
885 6
885 35
886 5
886 8
886 45
886 6
886 35
886 4
886 19
886 3
887 5
888 1
889 20
890 6
890 14
891 19
892 6
893 6
894 28
895 20
897 16
898 16
898 11
899 19
899 3
900 110
901 7
902 4
902 6
902 44
902 1
902 22
902 11
902 32
902 5
902 20
902 8
904 17
905 25
906 1
906 12
906 0
906 16
906 13
906 6
907 4
907 0
907 22
907 60
907 25
907 34
907 11
907 55
907 19
907 28
907 3
907 1
907 54
907 42
907 45
907 24
907 46
907 48
907 143
907 16
907 18
907 99
907 5
907 44
907 12
907 95
907 79
907 58
907 32
907 144
907 10
907 145
907 108
907 92
907 35
907 101
907 121
907 112
907 147
907 84
907 63
907 93
907 78
907 21
907 71
907 49
907 67
907 65
907 47
907 26
907 15
907 56
907 14
907 20
907 8
907 13
908 28
908 118
908 3
908 14
908 13
908 12
908 24
908 11
908 36
908 150
908 0
908 52
908 6
908 17
908 4
908 131
908 20
908 151
908 19
909 25
909 0
909 14
909 3
909 16
909 11
909 12
909 4
909 152
909 24
909 58
909 55
909 5
909 7
909 42
909 37
909 54
909 20
909 13
909 28
909 32
911 13
912 16
912 6
913 24
913 13
913 20
914 2
914 6
914 0
914 13
914 22
914 36
914 11
914 5
914 47
914 4
914 20
914 28
914 87
914 23
914 12
914 63
914 3
915 0
916 44
917 11
917 24
917 13
917 0
917 8
917 14
917 64
917 151
917 3
917 16
917 101
917 49
917 4
917 6
918 20
918 0
918 13
919 20
919 13
920 19
920 92
921 28
921 24
921 0
922 3
923 6
924 13
925 3
925 153
925 19
925 6
926 1
926 4
926 12
926 3
926 6
926 5
926 0
926 25
926 2
926 19
926 34
926 10
926 8
927 13
928 6
929 13
930 20
931 3
932 0
933 1
933 12
933 102
933 6
933 17
933 0
933 34
933 3
933 72
933 16
933 93
933 154
933 22
933 50
933 11
933 44
933 105
933 39
933 8
933 121
933 10
933 84
933 14
933 13
933 4
933 5
933 25
934 25
936 0
937 0
938 0
939 25
940 2
940 6
940 25
940 0
940 34
940 11
940 100
941 28
942 6
942 3
943 45
944 0
945 6
945 25
945 5
945 71
945 65
946 44
947 22
947 6
948 6
949 3
949 55
949 25
949 34
950 0
951 4
952 92
952 3
952 16
952 24
952 11
953 32
954 36
954 8
955 3
955 17
955 5
956 4
957 32
957 25
958 11
959 0
959 11
959 87
959 13
961 12
962 33
963 25
964 25
966 28
967 6
969 55
970 0
970 22
970 155
970 37
970 5
970 6
970 12
970 24
970 44
970 4
970 3
970 48
970 11
970 65
970 20
970 25
970 9
971 11
972 18
973 44
973 4
973 49
974 0
975 32
976 25
977 0
978 6
979 6
979 8
980 4
981 4
982 6
983 58
984 0
985 92
986 25
987 156
988 25
989 6
989 11
990 28
991 11
991 20
992 28
993 28
994 4
995 0
995 47
995 44
995 4
995 28
995 22
995 32
995 11
995 19
996 12
998 6
999 3
1001 72
1002 25
1003 4
1003 3
1004 11
1005 10
1006 20
1007 13
1008 50
1009 1
1009 36
1010 0
1010 13
1010 1
1010 58
1010 45
1011 0
1012 6
1013 12
1014 45
1015 20
1016 7
1016 4
1017 45
1017 13
1 4
1 19
1 3
1 23
1 6
1 37
1 21
1 12
1 32
1 0
1 5
1 22
1 24
1 17
1 55
1 44
1 45
1 13
1 49
1 20
1 28
1 8
1018 8
1019 0
1019 36
1020 0
1020 12
1020 5
1021 17
1021 15
1021 144
1022 28
1023 6
1024 45
1024 32
1024 54
1024 69
1025 13
1025 4
1026 12
1026 0
1027 47
1028 0
1029 7
1029 34
1030 64
1031 20
1032 17
1033 24
1034 11
1035 11
1035 48
1035 44
1035 6
1035 42
1036 4
1036 24
1037 14
1038 28
1039 11
1040 32
1041 63
1042 25
1043 25
1044 3
1045 3
1046 14
1047 12
1047 4
1047 20
1047 8
1047 11
1048 46
1049 14
1049 46
1049 13
1050 8
1050 1
1050 12
1050 7
1050 24
1050 13
1050 28
1050 20
1051 13
1052 34
1052 6
1052 4
1052 20
1052 5
1053 28
1054 32
1054 6
1054 11
1055 11
1055 12
1055 45
1055 0
1055 13
1056 4
1056 6
1057 11
1058 0
1058 6
1058 16
1058 144
1058 17
1058 8
1059 25
1059 20
1059 8
1060 6
1061 6
1061 3
1062 157
1063 11
1064 6
1064 0
1065 24
1066 65
1067 44
1067 6
1067 14
1067 58
1067 0
1067 20
1067 8
1067 4
1067 13
1067 10
1067 5
1067 7
1067 11
1067 3
1067 32
1067 21
1068 128
1068 3
1068 55
1068 20
1068 11
1068 4
1068 92
1068 13
1069 16
1069 0
1070 58
1070 0
1070 13
1070 4
1070 20
1070 2
1071 6
1071 19
1071 0
1072 5
1072 3
1072 37
1072 6
1072 11
1072 40
1072 10
1072 50
1072 20
1073 0
1073 3
1073 13
1073 158
1073 6
1073 58
1073 16
1073 1
1073 28
1073 100
1073 159
1074 25
1075 6
1076 146
1077 6
1077 20
1078 20
1079 0
1080 94
1081 12
1081 44
1082 4
1082 1
1082 6
1082 122
1082 13
1082 12
1082 46
1082 3
1082 8
1082 28
1082 11
1082 37
1082 20
1082 50
1083 14
1083 113
1084 13
1084 12
1085 25
1085 8
1086 50
1087 4
1087 14
1087 3
1087 7
1087 144
1088 11
1089 11
1089 4
1090 13
1091 8
1092 12
1092 6
1093 16
1094 5
1095 13
1096 11
1097 5
1097 8
1098 113
1098 3
1099 6
1100 0
1100 20
1100 3
1100 6
1101 6
1101 137
1104 0
1105 24
1105 8
1105 3
1105 11
1106 13
1107 25
1108 3
1109 17
1109 19
1109 23
1109 0
1109 3
1110 4
1111 160
1111 0
1111 25
1111 6
1111 28
1111 22
1111 24
1112 19
1112 28
1112 46
1112 16
1112 6
1112 3
1112 25
1113 6
1113 25
1113 3
1113 11
1113 20
1113 0
1114 11
1114 13
1114 3
1115 3
1115 0
1115 11
1115 23
1115 22
1115 6
1116 16
1117 18
1118 11
1118 14
1118 25
1118 6
1118 3
1118 16
1118 28
1118 17
1118 0
1118 37
1119 36
1119 32
1119 4
1119 17
1120 19
1121 6
1122 25
1123 13
1124 6
1125 11
1126 6
1127 46
1127 3
1128 4
1128 11
1128 0
1128 6
1128 20
1129 25
1130 20
1131 6
1131 8
1131 20
1131 51
1131 0
1131 28
1132 6
1132 4
1132 44
1132 28
1132 11
1133 7
1134 161
1135 0
1136 42
1137 3
1138 24
1138 3
1139 25
1142 6
1143 28
1144 4
1145 20
1145 11
1145 6
1145 0
1145 7
1145 1
1145 22
1145 58
1145 13
1145 8
1146 3
1146 4
1147 17
1148 11
1148 13
1149 12
1149 3
1149 118
1149 13
1149 5
1149 65
1149 36
1149 25
1150 5
1150 3
1150 11
1150 20
1150 50
1151 25
1152 44
1152 4
1154 16
1155 0
1155 6
1155 3
1156 35
1156 20
1156 14
1156 6
1157 45
1158 6
1158 16
1159 163
1160 16
1160 6
1161 164
1162 18
1163 0
1164 4
1165 13
1166 144
1167 16
1168 14
1169 6
1170 44
1170 8
1171 11
1171 10
1171 12
1173 11
1173 0
1174 36
1175 3
1176 1
1177 2
1178 16
1179 13
1179 11
1179 5
1179 22
1179 25
1180 10
1181 4
1182 16
1183 11
1185 3
1185 12
1186 12
1187 32
1187 3
1187 7
1187 22
1187 16
1187 0
1187 1
1187 45
1187 17
1187 5
1187 4
1187 11
1187 50
1188 0
1189 36
1189 25
1190 0
1190 1
1191 13
1191 3
1192 0
1193 18
1194 28
1194 14
1195 11
1195 4
1197 13
1198 16
1198 20
1199 12
1200 0
1201 6
1201 0
1202 21
1202 22
1202 6
1202 92
1202 11
1202 44
1202 4
1202 0
1203 165
1204 6
1205 5
1206 0
1206 3
1207 11
1208 3
1208 11
1208 0
1208 32
1208 81
1208 17
1208 8
1208 4
1208 6
1208 44
1209 6
1210 1
1211 6
1211 70
1212 0
1213 20
1213 28
1213 4
1214 3
1215 7
1216 0
1217 18
1217 48
1217 44
1218 4
1219 32
1219 20
1219 6
1219 0
1220 16
1220 46
1221 13
1222 0
1223 6
1223 11
1224 19
1225 13
1226 13
1227 6
1227 13
1227 4
1227 1
1227 106
1228 3
1229 14
1229 11
1229 55
1229 4
1230 20
1231 56
1233 28
1234 0
1235 0
1236 4
1237 16
1238 3
1239 3
1241 4
1242 8
1243 6
1244 2
1245 11
1245 3
1246 21
1247 45
1247 17
1247 73
1248 48
1249 1
1250 3
1251 6
1252 13
1252 3
1253 6
1254 32
1255 4
1256 32
1257 45
1258 6
1259 3
1260 4
1261 6
1262 11
1262 4
1263 14
1264 6
1265 14
1267 0
1268 6
1269 3
1270 4
1271 65
1272 24
1273 11
1274 12
1275 28
1276 0
1277 0
1278 3
1279 6
1280 3
954 0
954 11
954 4
954 49
954 3
1281 2
1281 60
1282 3
1282 13
1283 28
1283 65
1283 5
1283 42
1283 55
1283 6
1283 20
1283 16
1283 64
1283 4
1283 25
1284 28
1285 6
1285 32
1285 44
1285 3
1285 13
1285 0
1286 3
1287 11
1288 46
1289 3
1290 6
1291 3
1293 3
1294 3
1295 0
1296 3
1296 13
1296 8
1296 34
1296 44
1296 11
1296 32
1296 118
1296 166
1296 27
1296 5
1296 112
1296 1
1296 0
1296 25
1296 4
1297 3
1298 0
1299 32
1300 0
1301 16
1297 0
1297 34
1297 18
1297 62
1297 20
1297 1
1297 21
1297 65
1297 149
1297 71
1297 19
1297 11
1297 45
1297 14
1297 13
1297 32
1297 49
1297 7
1297 12
1297 8
1297 55
1297 28
1297 16
1297 6
1297 4
1297 44
1297 46
1302 12
1303 3
1304 3
1305 4
1305 6
1305 8
1306 0
1306 4
1306 1
1306 6
1308 10
1308 5
1308 12
1308 13
1308 11
1308 120
1308 3
1309 1
1309 6
1309 12
1309 3
1309 25
1309 18
1309 24
1309 100
1310 12
1311 44
1312 28
1312 4
1313 65
1314 5
1314 48
1314 0
1315 44
1316 11
1317 4
1318 77
1319 4
1320 0
1321 167
1322 13
1323 16
1324 4
1325 12
1326 32
1327 3
1328 32
1329 32
1330 44
1331 0
1332 3
1333 36
1334 36
1335 36
74 28
1336 0
1337 4
1337 28
1338 7
1338 37
1339 25
1341 0
1341 11
1341 10
1341 55
1342 168
239 3
239 18
1343 28
1345 28
1346 36
325 4
325 12
325 0
1347 3
1348 7
1349 3
1350 1
1351 1
1352 36
1353 36
491 8
491 55
491 34
1354 0
1355 162
1356 162
1357 36
792 3
1358 36
834 6
1360 0
1360 34
1361 0
1362 34
1363 19
1364 62
906 3
906 5
1365 169
1367 58
1368 14
1369 77
1369 42
1371 11
1372 45
1373 170
1373 77
1373 42
1374 36
1375 1
1376 14
1377 34
1378 37
1379 0
1380 3
1381 171
1382 8
1383 25
1384 58
1385 140
1387 168
1388 0
1389 12
1389 4
1390 22
1391 0
1392 0
1393 16
1394 14
1395 37
1396 14
1397 6
1399 13
1401 4
1401 0
1402 11
1403 13
1405 21
1405 32
1406 1
1407 11
1408 0
1409 6
1410 3
1410 6
1411 4
1412 6
1413 4
239 12
239 20
239 14
239 44
239 32
239 5
239 25
239 16
239 6
1414 4
1415 121
1416 16
1417 4
1418 16
1419 5
1419 8
1420 4
1421 0
1422 3
1423 4
1424 1
498 13
1425 28
1426 0
1427 0
1427 1
1428 32
1429 0
1430 45
864 45
880 0
1431 3
887 4
1432 11
1432 3
1433 0
1434 3
959 12
984 34
999 36
999 32
999 1
999 8
999 11
999 20
999 49
999 4
999 0
999 50
999 6
999 7
1435 1
1435 44
1435 3
1435 28
1436 7
1437 8
1438 72
1438 5
1438 54
1438 0
1439 16
1440 32
1441 0
1442 0
1443 0
1443 28
1443 92
1444 3
1445 4
1446 4
1447 0
1448 55
1449 4
1451 55
1452 0
1453 25
1454 0
1455 32
1456 13
1456 173
1456 0
1457 0
1458 8
1459 4
1459 0
1460 0
1461 13
1462 162
1463 36
1464 168
1465 92
1466 6
1467 6
1468 36
1469 3
1449 174
1470 0
1470 10
1470 5
1471 77
1471 4
1472 36
1473 37
1475 0
1475 11
1475 13
1476 13
1476 5
1476 55
1476 7
1477 34
1478 0
1479 168
1480 6
1482 0
1483 6
1484 6
1485 3
1485 2
1486 4
1487 4
1488 4
1489 4
1490 4
1491 4
1492 0
1494 34
1495 36
1496 7
1497 71
1498 8
1499 5
1500 4
1501 12
1502 7
1503 14
1504 108
1504 32
1505 99
1506 20
1507 56
1508 4
1509 4
1510 25
1511 12
1512 20
1513 52
1514 46
1515 6
1517 6
1518 13
1519 3
1520 18
1521 3
1522 0
1523 0
1524 3
1525 0
1526 1
1527 18
1528 28
1528 11
1529 0
1530 6
1531 4
1532 7
1533 44
1534 25
1534 4
1535 7
1535 3
1536 6
1536 80
1536 23
1536 11
1536 4
1536 3
1536 44
1536 17
1537 4
1538 24
1538 13
1539 49
1539 11
1540 2
1541 6
1541 36
1542 17
1543 20
1544 25
1545 7
1546 25
1547 2
1548 20
1548 11
1549 22
1550 13
1551 45
1552 6
1552 7
1553 11
1553 6
1553 1
1553 23
1553 3
1553 160
1553 4
1554 8
1555 2
1556 4
1557 55
1558 13
1559 28
1560 0
1561 2
1562 13
1563 5
1563 28
1564 7
1565 28
1566 28
1567 0
1568 175
1569 12
1569 18
1569 20
1569 11
1569 16
1569 5
1569 3
1569 6
1569 25
1569 48
1569 60
1569 19
1570 0
1571 25
1572 3
1572 28
1573 3
1574 28
1575 3
1575 28
1576 3
1576 28
1577 3
1577 28
1578 3
1578 28
1579 3
1579 8
1579 6
1579 5
1579 0
1579 13
1579 12
1579 28
1579 10
1580 3
1580 28
1581 3
1581 28
1582 3
1583 3
1583 28
1584 65
1584 54
1584 4
1584 20
1585 12
1585 55
1585 1
1585 16
1585 6
1585 176
1585 4
1585 34
1585 25
1585 14
1585 36
1585 70
1585 0
1585 45
1585 3
1585 11
1585 22
1585 5
1585 32
1585 13
1586 0
1587 4
1588 4
1588 122
1588 84
1588 3
1589 0
1591 6
1594 6
1595 20
1595 7
1595 80
1595 6
1595 16
1596 6
1596 3
1596 0
1596 4
1596 11
1596 20
1598 11
1598 4
1598 6
1598 31
1598 80
1598 13
1598 8
1598 3
1599 99
1599 178
1599 65
1599 44
1599 5
1599 36
1599 179
1599 8
1599 121
1599 98
1599 144
1599 17
1599 27
1599 10
1599 46
1599 26
1599 22
1599 55
1599 35
1599 137
1599 84
1599 105
1599 181
1599 104
1599 182
1599 48
1599 183
1599 120
1599 146
1599 45
1599 15
1599 184
1599 185
1599 70
1599 186
1599 77
1599 140
1599 71
1599 52
1599 187
1599 188
1599 2
1599 34
1599 7
1599 16
1600 6
1601 28
1601 5
1602 25
1602 0
1602 6
1603 6
1604 17
1605 6
1606 4
1607 3
1608 19
1608 13
1609 11
1609 8
1609 44
1610 80
1610 6
1610 25
1610 0
1610 16
1610 28
1610 14
1610 19
1611 8
1611 6
1611 13
1612 11
1613 6
1614 13
1614 5
1614 36
1614 8
1614 6
1614 71
1614 121
1614 24
1614 58
1614 4
1614 25
1614 23
1614 2
1614 65
1614 189
1614 12
1614 137
1614 55
1614 28
1614 56
1614 1
1614 92
1614 46
1614 96
1614 3
1614 49
1614 11
1614 190
1614 26
1614 40
1614 52
1614 7
1614 19
1614 146
1614 14
1614 191
1614 66
1614 34
1614 108
1614 138
1614 47
1614 21
1614 32
1614 20
1614 100
1614 44
1614 192
1614 125
1614 16
1614 18
1614 10
1614 148
1615 6
1616 8
1616 16
1616 28
1618 11
1619 4
1620 1
1620 5
1621 0
1621 4
1621 13
1621 36
1622 20
1623 65
1624 6
1625 4
1626 48
1626 11
1626 3
1626 16
1626 65
1626 6
1626 21
1626 1
1626 19
1626 2
1626 32
1626 24
1626 37
1626 4
1626 36
1626 0
1626 14
1626 5
1626 28
1626 27
1627 12
1627 3
1628 13
1628 7
1628 22
1628 0
1628 11
1628 49
1628 112
1629 6
1629 23
1629 45
1629 5
1629 17
1629 193
1629 1
1629 0
1630 0
1630 8
1631 0
1631 23
1631 18
1631 8
1632 36
1632 16
1632 84
1632 44
1632 182
1632 13
1633 5
1633 11
1633 4
1633 13
1633 25
1634 3
1635 50
1635 28
1635 1
1636 1
1636 11
1636 13
1636 5
1637 25
1638 4
1638 1
1638 194
1638 18
1638 48
1638 19
1638 0
1638 51
1638 50
1638 28
1639 0
1639 20
1639 118
1639 17
1639 21
1639 23
1639 8
1639 32
1640 4
1640 22
1640 28
1640 19
1640 65
1640 11
1640 34
1640 12
1640 6
1641 13
1641 12
1642 11
1642 80
1642 12
1642 45
1642 4
1642 82
1642 137
1642 0
1643 44
1644 4
1645 47
1647 12
1647 4
1648 6
1649 0
1649 25
1649 6
1649 8
1649 11
1649 1
1649 3
1649 28
1649 20
1649 19
1649 4
1649 12
1650 193
1651 120
1651 22
1652 3
1655 38
1656 6
1657 6
1658 7
1659 5
1659 16
1659 163
1660 8
1661 28
1661 6
1662 44
1663 34
1664 6
1664 3
1664 5
1664 8
1664 13
1664 47
1664 28
1664 0
1665 16
1666 6
1667 58
1668 28
1669 7
1670 24
1670 6
1670 13
1670 0
1670 3
1671 4
1671 28
1671 25
1672 3
1672 4
1672 0
1672 28
1672 25
1673 3
1673 4
1673 0
1673 28
1673 25
1674 0
1674 2
1675 195
1676 0
1677 6
1678 20
1679 5
1679 6
1679 58
1680 44
1681 7
1682 46
1683 46
1684 14
1685 0
1686 7
1687 46
1688 0
1689 14
1689 46
1690 7
1691 52
1692 8
1694 7
1695 7
1696 7
1698 7
1699 7
1700 14
1701 14
1702 52
1704 11
1704 7
1706 6
1707 14
1708 25
1709 8
1710 19
1710 6
1710 11
1710 21
1710 3
1710 5
1710 2
1710 12
1710 36
1711 4
1712 4
1713 4
1713 11
1713 5
1714 6
1715 55
1716 55
1717 13
1717 196
1717 7
1717 25
1717 1
1718 5
1719 4
1720 55
1721 4
1721 8
1721 2
1722 134
1723 44
1724 0
1725 11
1726 1
1727 4
1727 6
1727 0
1728 55
1729 3
1730 0
1731 0
1731 1
1731 71
1731 44
1731 16
1731 18
1731 48
1731 11
1731 20
1731 127
1731 28
1731 24
1731 84
1731 27
1731 91
1731 7
1731 45
1731 2
1731 25
1731 65
1731 22
1731 121
1731 5
1731 13
1731 6
1731 92
1731 14
1731 166
1731 46
1731 69
1731 146
1731 19
1731 32
1731 55
1731 23
1731 131
1731 36
1731 197
1731 26
1732 34
1732 0
1732 14
1438 80
1438 11
1438 3
1438 23
1438 32
1438 6
1438 13
1733 0
1734 2
1735 18
1736 0
1736 11
1736 3
1736 5
1736 47
1736 128
1736 7
1736 4
1736 42
1736 71
1736 32
1737 28
1738 198
1739 3
1740 20
1741 32
1742 48
1742 6
1742 28
1742 12
1742 8
1742 11
1742 5
1742 3
1742 0
1742 1
1743 1
1746 0
1747 36
1749 0
1750 36
1751 0
1752 0
1753 20
1754 0
1755 30
1756 0
1757 30
1758 0
1759 58
1760 0
1761 58
1762 58
1763 45
1764 58
1765 36
1766 33
1767 14
1768 58
1769 4
1770 32
1771 30
1772 14
1774 58
1775 58
1776 3
1777 32
1778 17
1779 20
1780 28
1781 32
1782 55
1783 36
1784 30
1784 45
1785 32
1786 14
1787 33
1788 3
1789 32
1790 32
1791 159
1792 12
1792 11
1792 6
1792 3
1792 2
1792 46
1792 5
1792 1
1792 25
1792 10
1792 4
1792 16
1792 32
1793 7
1794 2
1795 19
1796 19
1797 4
1798 68
1799 108
1800 14
1801 6
1802 41
1804 1
1805 23
1806 0
1807 19
1808 108
1809 4
1810 55
1811 108
1812 12
1813 1
1814 32
1815 55
1816 0
1817 46
1818 36
1819 19
1820 108
1821 44
1822 0
1824 19
1825 11
1826 12
1827 24
1828 4
1829 6
1830 55
1831 108
1832 24
1833 0
1834 108
1835 24
1836 23
1837 7
1838 108
1839 14
1840 50
1841 4
1842 107
1843 4
1844 108
1845 108
1846 4
1847 0
1848 1
1849 4
1850 20
1852 32
1853 4
1854 17
1855 4
1856 14
1857 4
1858 19
1860 4
1861 1
1862 20
1863 50
1864 12
1865 12
1866 1
1867 4
1868 5
1869 4
1870 36
1871 4
1872 50
1873 4
1875 1
1876 14
1877 0
1878 4
1879 6
1880 64
1881 80
1881 32
1881 46
1881 0
1882 36
1882 4
1882 25
1882 11
1883 4
1885 0
1886 28
1388 8
1388 45
1888 5
1889 4
1889 28
1890 0
1890 135
1890 18
1890 11
1890 1
1891 16
1891 6
1891 23
1891 28
1891 44
1891 46
1891 3
1891 1
1891 91
1891 5
1891 8
1891 22
1891 12
1891 70
1891 13
1891 62
1892 45
1894 6
1895 6
1896 5
1896 12
1896 11
1896 0
1896 65
1896 3
1896 6
1897 0
1898 25
1899 6
1900 46
1903 0
1904 44
1906 0
1907 0
1908 0
1909 0
1910 0
1911 19
1912 87
1913 0
1914 0
1916 6
1917 11
1918 0
1919 0
1921 0
1922 0
1923 0
1924 0
1925 0
1926 0
1927 5
1929 6
1929 2
1930 179
1930 40
1930 5
1930 6
1930 0
1930 84
1931 47
1931 22
1931 65
1931 3
1931 24
1931 12
1931 4
1931 6
1931 17
1931 11
1931 1
1931 46
1931 48
1931 8
1931 36
1931 0
1932 14
1932 0
1932 6
1932 22
1932 45
1933 127
1933 13
1933 0
1934 11
1935 13
1935 0
1935 37
1935 4
1935 32
1935 8
1935 11
1935 25
1936 3
1936 5
1937 3
1938 65
1939 46
1940 3
1941 13
1942 5
1943 137
1943 121
1943 25
1944 3
1946 3
1947 3
1948 3
1949 11
1949 25
1440 42
1440 36
1440 11
1440 25
1440 18
1440 98
1440 13
1440 56
1440 4
1440 48
1440 5
1440 8
1440 37
1440 12
1440 16
1440 10
1440 24
1440 58
1440 6
1440 3
1440 19
1440 1
1440 79
1440 0
1951 25
1951 0
1952 6
1952 25
1953 6
1954 11
1954 25
1955 0
1955 25
1956 25
1957 25
1958 1
1958 0
1958 6
1958 67
1958 45
1958 4
1958 5
1958 11
1958 28
1958 48
1959 25
1959 7
1959 11
1960 25
1961 25
1962 19
1962 13
1963 12
1963 35
1963 1
1963 6
1963 25
1964 6
1964 0
1966 25
1968 6
1969 45
1970 3
1970 11
1970 22
1971 13
1972 0
1973 6
1973 8
1973 71
1973 13
1973 84
1973 21
1973 9
1975 0
1976 4
1976 36
1976 32
1977 32
1978 28
1978 6
1978 3
1979 144
1980 4
1982 157
1983 4
1984 0
1985 22
1985 11
1985 13
1986 16
1987 0
1988 47
1988 3
1988 4
1988 13
1988 0
1988 32
1988 25
1990 14
1991 25
1285 7
1992 25
1993 44
1994 17
1443 11
1443 44
1995 0
1996 25
1997 25
1998 92
1998 4
1998 99
1998 25
1999 4
2000 20
2001 22
2003 11
2003 52
2003 6
2003 4
2004 3
2005 58
2006 25
2006 14
2007 28
2008 25
2009 6
2010 25
2011 21
2012 19
2012 13
2013 3
2014 12
2015 12
2016 12
2016 11
2017 14
2017 46
2018 6
2018 1
2018 23
2018 3
2018 46
2018 14
2019 13
2019 8
2019 22
2019 92
2019 25
2019 0
2019 3
2020 6
2021 8
2022 3
2023 0
2024 34
2024 6
2025 0
2025 5
2025 22
2025 11
2025 17
2025 12
2025 4
2025 16
2025 127
2025 18
2025 65
2025 64
2025 13
2025 49
2025 6
2025 21
2025 1
2025 3
2025 199
2025 55
2025 93
2025 51
2025 24
2025 7
2025 8
2025 48
2025 58
2025 23
2025 25
2025 44
2025 40
2025 112
2025 39
2025 80
2025 69
2025 35
2025 96
2025 131
2025 92
2025 32
2025 28
2025 14
2025 54
2025 46
2025 41
2025 36
2026 6
2027 28
2028 6
2029 16
2030 13
2030 7
2030 11
2031 3
2032 4
2033 5
2033 3
2034 28
2035 35
2036 0
2037 6
2038 0
2038 10
2039 3
2040 0
2041 78
2041 19
2042 4
2043 21
2044 22
2044 44
2045 25
2047 55
2048 72
2049 0
2050 13
2050 23
2050 0
2050 20
2050 11
2051 10
2051 0
2051 3
2051 6
2051 11
2051 1
2051 13
2051 58
2051 87
2052 65
2053 0
2053 8
2053 11
2053 14
2053 28
2053 92
2053 6
2053 13
2054 3
2055 11
2056 18
2057 14
2058 5
2059 25
2059 4
2060 11
2061 24
1297 5
2062 44
2062 20
2062 1
2062 7
2062 4
2062 120
2063 3
2064 4
2064 0
2066 7
2067 6
2068 7
2069 4
2070 0
2071 12
2072 33
2073 18
2074 7
2075 32
2076 23
2077 0
2078 0
2079 12
2080 6
2081 23
2082 23
2083 92
2084 103
2085 6
2086 10
2087 31
2088 3
2089 6
2091 6
2092 24
2093 6
2094 17
2095 28
2096 22
2097 0
2099 4
2100 4
2101 0
2102 0
2104 20
2105 3
2105 32
2107 24
2108 28
2109 32
2110 200
2111 8
2112 5
2113 6
2113 0
2114 32
2115 1
2117 1
2118 6
2120 6
2121 0
2122 14
2123 0
2124 25
2125 45
2126 55
2127 6
2127 3
2129 7
2130 20
2131 15
2133 0
2134 4
2135 20
2136 14
2137 1
2138 3
2139 7
2140 0
2141 18
2142 20
2143 0
2144 6
2145 0
2147 12
2149 16
2151 16
2152 0
2153 18
2153 32
2154 20
2155 33
2156 13
2157 6
2158 26
2160 0
2161 20
2162 7
2164 4
2165 11
2166 13
2167 32
2168 6
2170 8
2171 7
2172 32
2173 6
2173 0
2174 19
2174 11
2175 22
2176 20
2177 20
2179 4
2180 20
2180 11
2181 0
2182 20
2183 23
2184 20
2185 11
2187 20
2188 25
2189 4
2190 20
2191 1
2192 50
2193 4
2194 11
2195 4
2196 20
2197 3
2198 45
2199 0
2200 14
2200 46
2201 0
2202 20
2203 13
2203 0
2204 7
2205 37
2206 6
2207 14
2207 4
2207 6
2208 20
2209 21
2209 4
2209 24
2209 3
2210 19
2210 93
2211 23
2212 1
2213 1
2214 46
2215 0
2215 4
2216 28
2217 3
2218 3
2219 13
2220 19
2220 0
2220 14
2220 65
2220 34
2221 55
2222 25
2223 23
2223 4
2224 4
2224 5
2225 4
2226 11
2226 32
2226 4
2226 1
2226 3
2226 20
2226 54
2226 19
2226 0
2226 5
2227 28
2228 201
2229 4
2230 0
2231 19
2231 8
2231 25
2232 12
2233 6
2234 11
2234 14
2234 55
2235 32
2235 108
2235 0
2236 0
2237 0
2238 5
2239 50
2239 6
2239 20
2240 3
2241 2
2243 28
2244 0
2245 45
2246 11
2247 11
2248 4
2249 0
2250 6
2251 101
2252 0
2253 14
2254 6
2255 0
2257 8
2257 4
2258 180
2259 65
2260 65
2261 84
2261 7
2262 6
2263 0
2264 34
2264 12
2264 23
2265 36
1449 32
1449 48
1449 3
1449 6
1449 14
1449 11
1449 16
1449 2
1449 66
1449 13
1449 0
1449 34
1449 28
1449 17
1449 23
1449 5
1449 42
1449 24
1449 7
1449 12
1449 44
1449 1
1449 21
2266 202
2267 0
2267 28
2267 4
2268 32
2268 19
2268 5
2268 13
2268 3
2268 12
2268 25
2268 80
2268 36
2268 6
2268 55
2268 1
2268 14
2268 4
2268 20
2268 0
2269 11
2269 25
2269 4
2269 3
2269 16
2269 17
2269 20
2269 12
2269 1
2269 84
2269 0
2269 36
2269 6
2269 13
2270 3
2270 11
2270 25
2270 4
2270 28
2270 14
2270 46
2270 0
2270 55
2270 13
2270 44
2270 6
2270 5
2270 16
2271 16
2271 3
2271 92
2271 2
2271 32
2271 36
2271 25
2271 1
2271 13
2271 4
2271 5
2271 0
2271 6
2271 11
2271 18
2271 47
2271 8
2271 64
2271 22
2271 44
2271 84
2271 12
2272 13
2272 25
2272 6
2272 65
2272 11
2272 4
2273 13
2274 10
2274 11
2274 32
2274 13
2274 23
2274 5
2274 8
2274 22
2274 0
2274 7
2274 6
2274 25
2274 1
2274 12
2275 10
2276 107
2277 14
2277 12
2277 25
2277 4
2277 22
2277 5
2277 6
2277 3
2277 0
2277 11
2277 20
2277 13
2277 24
2277 36
2277 42
2278 34
2278 25
2278 1
2278 28
2279 7
2279 24
2279 0
2279 36
2279 13
2279 18
2279 12
2279 19
2279 6
2279 4
2279 65
2279 110
2279 3
2279 71
2279 121
2279 20
2279 8
2279 25
2280 11
2280 0
2280 13
2280 16
2280 48
2280 25
2280 32
2280 3
2280 4
2280 203
2280 5
2280 8
2280 77
2280 20
2280 55
2280 19
2281 1
2281 25
2281 87
2281 8
2281 5
2281 4
2281 21
2281 71
2281 2
2281 20
2281 16
2281 0
2281 3
2281 55
2281 6
2281 46
2281 11
2281 204
2281 65
2281 19
2281 28
2282 1
2282 11
2282 95
2282 0
2282 18
2282 6
2283 19
2285 24
2286 25
2287 3
2287 45
2288 3
2289 13
2289 0
2289 45
2289 1
2289 2
2289 4
2289 20
2289 22
2290 8
2290 0
2290 56
2290 6
2290 92
2290 17
2290 19
2290 205
2290 12
2290 50
2290 48
2290 3
2291 42
2291 50
2291 7
2291 48
2291 5
2292 32
2293 32
2294 5
2296 4
2296 32
2297 5
2297 3
2297 11
2297 0
2297 65
2297 1
2297 32
2297 16
2297 25
2297 48
2297 17
2297 46
2297 138
2297 49
2297 20
2297 36
2297 13
2297 12
2297 4
2298 65
2298 18
2298 3
2298 1
1450 80
1450 23
1450 0
1450 3
2299 20
2300 7
2301 0
2302 7
2303 65
2304 49
2304 23
2304 113
2304 7
2305 4
2305 92
2307 13
2308 3
2309 92
2310 92
2311 92
2312 92
2313 92
2315 6
2316 6
2317 11
2318 37
2318 8
2319 1
2320 0
2320 11
2320 4
2320 16
2320 6
2320 44
2320 8
2321 25
2322 11
2323 11
2324 3
2325 64
2326 3
2326 13
2327 25
2329 11
2329 0
2329 3
2330 11
2331 11
2332 10
2333 10
2333 12
2334 10
2336 0
2337 55
2337 3
2337 206
2337 36
2339 24
2341 1
2342 11
2344 24
2345 12
2346 24
2347 1
2348 14
2349 24
2350 70
2351 0
2352 70
2354 0
2355 9
2356 19
2357 14
2358 12
2359 24
2361 70
2362 14
2363 4
2364 1
2365 0
2366 14
2367 24
2368 24
2369 6
2370 70
2371 36
2372 24
2373 70
2374 45
2375 45
2376 70
2378 58
2379 14
2380 24
2381 70
2382 70
2383 70
2384 70
2385 70
2386 4
2387 70
2388 30
2389 1
2389 11
2389 6
2389 10
2390 3
2391 28
2392 0
2393 0
2394 6
2394 17
1476 47
1476 0
1476 6
1476 44
1476 37
2395 5
2396 11
2397 1
2398 1
2399 1
2401 1
2403 0
2403 36
2403 4
2403 12
2403 25
2403 3
2403 20
2403 28
2403 11
2403 8
2403 32
2403 6
2404 22
2405 12
2406 28
2407 0
2408 6
2408 8
2408 20
2408 4
2408 5
2408 25
2408 11
2410 11
2411 46
2411 14
2412 8
2413 6
2413 1
2415 6
2416 17
2416 11
2416 12
2416 44
2416 13
2416 6
2417 47
2417 20
2417 11
2417 55
2417 48
2417 12
2417 5
2417 0
2417 4
2417 1
2417 60
2417 10
2417 3
2417 16
2417 52
2417 92
2417 8
2417 32
2417 207
2417 208
2417 13
2418 21
2419 6
2419 10
2419 1
2419 13
2420 0
2420 4
2421 11
2421 0
2422 4
2422 0
2423 6
2423 0
2424 19
2426 23
2427 55
2428 6
2428 3
2428 4
2428 13
2428 0
2428 11
1454 3
2429 13
2430 0
2431 11
2431 13
2431 3
2432 6
2435 3
2435 12
2435 6
2435 14
2435 4
2435 25
2435 20
2435 73
2435 5
2435 209
2435 1
2436 25
2436 11
2437 4
2437 3
2437 6
2437 12
2437 11
2438 6
2439 8
2439 25
2439 28
2439 37
2439 0
2440 0
2441 32
2441 24
2441 25
2441 5
2441 17
2441 4
2441 12
2441 22
2441 3
2441 8
2441 42
2441 13
2441 44
2441 55
2441 7
2441 103
2441 92
2441 1
2441 72
2441 36
2441 37
2441 71
2441 49
2441 46
2441 54
2441 18
2441 96
2441 48
2441 15
2441 19
2441 6
2442 13
2443 4
2443 16
2443 18
2443 5
2443 24
2443 6
2443 52
2443 0
2443 13
2443 11
2443 32
2444 3
2444 1
2445 7
2446 4
2447 5
2448 3
2449 0
2450 13
2451 6
2452 13
2454 8
2455 8
2456 13
2457 14
2458 0
2458 28
2458 11
2459 8
2460 6
2461 16
2462 3
2463 4
2464 3
2465 3
2466 6
2467 4
2468 8
2469 55
2470 20
2471 24
2472 20
2473 0
2474 24
2475 25
2475 28
2475 34
2475 6
2476 0
2478 55
2479 19
2480 24
2481 24
2482 0
2482 34
2483 18
2484 0
2485 5
2486 24
2487 4
2488 11
2489 4
2490 24
2491 55
2492 24
2493 6
2495 32
2496 14
2497 14
2498 6
2499 5
2500 18
2501 0
2502 20
2503 0
2504 8
2505 55
2506 36
2507 24
2508 12
2510 7
2512 5
2513 18
2514 1
2515 32
1456 4
1456 22
1456 46
1456 12
1456 35
1456 6
1456 14
1456 1
1456 127
1456 28
1456 3
1456 11
1456 25
1456 99
1456 8
1456 7
1456 65
1456 21
1456 23
1456 44
1456 77
1456 5
1456 10
1456 72
1456 40
1456 19
1456 210
1456 49
1456 48
1456 20
1456 60
1456 92
1456 211
1456 212
1456 37
1456 18
1456 17
1456 53
1456 32
1456 34
1456 55
2516 8
2517 8
2518 5
2519 6
2519 4
2520 32
2521 0
2522 4
1306 11
2523 21
2524 1
2525 4
2526 0
2527 0
2528 25
2528 14
2528 12
2529 7
1457 19
2530 7
2531 7
2532 11
2532 44
2533 32
2534 36
2535 36
2536 4
2537 6
2538 28
2539 4
2540 20
2541 25
2541 11
2541 6
2542 20
2543 20
2543 21
2543 3
2543 12
2543 0
2544 0
2545 45
2545 0
2546 0
2547 55
2548 44
2549 14
2549 1
2549 80
2549 24
2549 100
2549 0
2549 6
2553 0
2553 36
2554 44
2554 6
2555 44
2556 46
2556 55
2556 21
2556 2
2556 69
2556 19
2556 213
2556 184
2556 214
2556 44
2556 179
2556 25
2556 83
2556 138
2557 1
2557 4
2558 11
2559 20
2560 16
2561 6
2562 24
2564 20
2565 20
2567 24
2568 24
2569 20
2570 24
2571 6
2573 7
2575 14
2576 24
2577 14
2578 6
2579 16
2580 6
2581 24
2582 4
2583 25
2584 7
2585 24
2586 1
2586 11
2587 25
2588 28
2589 20
2590 15
2591 25
2592 6
2593 24
2594 1
2595 68
2596 1
2597 14
2598 24
2599 20
2600 32
2601 92
2602 0
2603 0
2604 0
2605 0
2606 14
2607 23
2608 21
2609 4
2610 14
2611 14
2612 14
2613 14
2614 14
2615 0
2616 4
2617 21
2618 6
2619 6
2620 0
2621 24
2622 24
2623 24
2624 24
2625 0
2626 25
2627 32
2628 32
2629 45
2630 0
2631 3
2631 4
2632 4
2633 6
2633 3
2634 11
2635 4
2636 11
2636 4
2636 13
2636 6
2636 25
2636 3
2636 8
2636 45
2636 94
2636 34
2636 1
2636 65
2636 56
2636 32
2636 0
2636 5
2637 4
2637 11
2637 58
2637 3
2637 44
2637 24
2637 6
2637 28
2637 16
2637 8
2637 0
2638 6
2639 8
2640 25
2640 11
2640 7
2640 3
2640 70
2640 0
2640 32
2640 36
2640 13
2640 131
2640 122
2640 46
2640 58
2640 14
2640 6
2640 4
2640 24
2640 12
2640 10
2640 44
2640 8
2641 13
2642 3
2643 54
2644 32
2644 6
2645 6
2646 11
2648 10
2649 36
2650 23
2651 92
2652 32
2652 23
2652 1
2653 0
2654 36
2403 215
2655 4
2655 6
2655 0
2656 18
2656 28
2657 20
2658 6
2658 20